1 0.50293 0.05762 0.50879 0.06348 0.50391 0.07129 0.50684 0.07910 0.50000 0.08887 0.49414 0.08789 0.48926 0.09570 0.49121 0.10156 0.48340 0.11035 0.48145 0.12500 0.48926 0.13770 0.49023 0.15137 0.50488 0.16016 0.52148 0.17773 0.51953 0.17969 0.52051 0.18652 0.52344 0.18848 0.52832 0.18652 0.53516 0.20117 0.54199 0.19434 0.55859 0.18457 0.56641 0.18848 0.58496 0.17676 0.58984 0.17188 0.58789 0.16504 0.59570 0.16797 0.59766 0.16602 0.59668 0.15820 0.59180 0.15137 0.59473 0.14844 0.59473 0.14258 0.60059 0.13477 0.60352 0.13477 0.60938 0.12891 0.60742 0.12793 0.60742 0.12109 0.60938 0.11914 0.60449 0.11230 0.60645 0.11035 0.60449 0.10547 0.60156 0.10352 0.59863 0.10645 0.59668 0.10059 0.59180 0.09570 0.59570 0.08984 0.59961 0.08984 0.59668 0.09082 0.57617 0.07812 0.58008 0.07227 0.57617 0.06836 0.57324 0.05957 0.55566 0.05957 0.55176 0.06348
1 0.50488 0.20312 0.49707 0.21973 0.48828 0.22461 0.48145 0.23730 0.47852 0.23926 0.47461 0.23730 0.46582 0.24609 0.46484 0.25293 0.45508 0.25391 0.45215 0.25195 0.44531 0.25879 0.43848 0.25586 0.44434 0.26172 0.43652 0.27441 0.44043 0.27832 0.44336 0.30469 0.45410 0.31641 0.45215 0.32031 0.46191 0.31543 0.46484 0.31836 0.47656 0.31738 0.48340 0.32422 0.49609 0.32422 0.50000 0.32715 0.50586 0.32520 0.51172 0.32715 0.51953 0.32324 0.52441 0.32812 0.52637 0.33496 0.53809 0.33789 0.54102 0.33496 0.54004 0.32812 0.54688 0.32227 0.54297 0.31836 0.55078 0.31738 0.55664 0.31348 0.55957 0.30078 0.57031 0.29102 0.56934 0.28613 0.57129 0.28125 0.56836 0.27539 0.57617 0.26562 0.57422 0.26074
1 0.86621 0.20996 0.86230 0.21387 0.86230 0.21777 0.85254 0.22754 0.85254 0.23730 0.83789 0.25000 0.83691 0.26270 0.83887 0.27441 0.84180 0.27734 0.84082 0.28613 0.85059 0.28809 0.86133 0.29492 0.85254 0.30273 0.85352 0.30469 0.84766 0.31348 0.85254 0.32617 0.85352 0.33789 0.86816 0.35059 0.87598 0.35156 0.88184 0.35938 0.89551 0.36133 0.90039 0.36523 0.91602 0.35059 0.92090 0.34180 0.92383 0.34375 0.93066 0.34082 0.93652 0.33496 0.94336 0.33691 0.95117 0.32422 0.94922 0.31836 0.95605 0.31348 0.95215 0.30273 0.95312 0.29395 0.95508 0.29395 0.95605 0.28906 0.95117 0.28223 0.95508 0.27148 0.95508 0.26270 0.94824 0.25391 0.94043 0.25293 0.93652 0.24805 0.94434 0.23730 0.94141 0.23047 0.93555 0.23340 0.92773 0.22852 0.92188 0.23633 0.91699 0.23633 0.90918 0.22949 0.90918 0.22559 0.87305 0.20996 0.87012 0.21289
1 0.71680 0.14062 0.71484 0.14551 0.70020 0.15527 0.69531 0.16699 0.68652 0.17676 0.68555 0.19531 0.68750 0.19727 0.68555 0.19531 0.68164 0.20117 0.68457 0.20996 0.68164 0.21289 0.68457 0.22168 0.68066 0.23145 0.68457 0.24512 0.69336 0.25391 0.70117 0.25586 0.70117 0.25879 0.70801 0.26758 0.70996 0.27637 0.71387 0.27930 0.72168 0.27344 0.72949 0.27930 0.73926 0.27148 0.75000 0.27051 0.75488 0.27344 0.76562 0.27246 0.77344 0.26465 0.77637 0.25488 0.78027 0.25684 0.79102 0.24512 0.80176 0.23730 0.79688 0.23340 0.79785 0.22656 0.79590 0.22363 0.79883 0.22070 0.79980 0.20508 0.80469 0.19434 0.79883 0.18555 0.80273 0.17969 0.80176 0.16992 0.80957 0.16309 0.80957 0.16016 0.80371 0.15918 0.80078 0.15527 0.79297 0.15527 0.78711 0.15234 0.78027 0.15234 0.77930 0.15527 0.77539 0.14844 0.76953 0.14648 0.76172 0.14844 0.75391 0.15430
1 0.70410 0.06348 0.70703 0.06055 0.71484 0.06055 0.73730 0.03711 0.74121 0.03809 0.74414 0.04199 0.74902 0.04102 0.75391 0.05078 0.76953 0.04883 0.78027 0.04492 0.79297 0.05078 0.79883 0.04785 0.80957 0.05859 0.81836 0.05664 0.81836 0.06152 0.82520 0.07227 0.82812 0.08789 0.82617 0.09668 0.81934 0.10547 0.81934 0.11230 0.81738 0.11426 0.81738 0.11719 0.82422 0.12598 0.81738 0.13867 0.80957 0.14648 0.80273 0.14844 0.79785 0.14355 0.79297 0.14453 0.78711 0.13867 0.77637 0.13770 0.77246 0.13281 0.76465 0.13770 0.76270 0.13574 0.75977 0.13770 0.75488 0.13477 0.75000 0.13574 0.74512 0.13379 0.73828 0.13770 0.73340 0.13184 0.72754 0.13281 0.72461 0.13574 0.71680 0.12793 0.71484 0.12891 0.71680 0.12793 0.71875 0.11523 0.71777 0.10547 0.72168 0.09766 0.71387 0.08984 0.71582 0.08594 0.71387 0.08301 0.72266 0.07812 0.71289 0.07129 0.70996 0.06641 0.70508 0.06641
1 0.46191 0.37207 0.46973 0.38379 0.46973 0.39453 0.47461 0.40625 0.47070 0.41113 0.47070 0.42188 0.47754 0.43555 0.49316 0.45215 0.49023 0.45508 0.49023 0.45898 0.49512 0.46875 0.49316 0.47168 0.49609 0.47461 0.50977 0.47461 0.52539 0.46582 0.54004 0.46484 0.54199 0.46289 0.56348 0.47656 0.57031 0.47363 0.58691 0.48730 0.58691 0.49707 0.59766 0.50879 0.60547 0.50879 0.60742 0.50684 0.60645 0.50195 0.61133 0.51270 0.62012 0.52148 0.63086 0.52148 0.64062 0.51758 0.65039 0.52539 0.65723 0.52441 0.67090 0.51074 0.67285 0.51270 0.68164 0.50977 0.69043 0.50000 0.69922 0.49902 0.70703 0.49219 0.72168 0.49023 0.72363 0.49414 0.72852 0.48926 0.72559 0.48633 0.72559 0.47754 0.72949 0.46094 0.73438 0.45312 0.73438 0.43164 0.73145 0.42969 0.72754 0.43066 0.71484 0.41992 0.71191 0.42090 0.70605 0.41504 0.70605 0.40820 0.70215 0.40234 0.69629 0.39746 0.68945 0.39648 0.68848 0.38965 0.68457 0.38379 0.66992 0.37500 0.66309 0.37402 0.65723 0.37598 0.65332 0.37402 0.64160 0.38086 0.63672 0.37500 0.63184 0.37598 0.62598 0.38086 0.61133 0.37891 0.60449 0.38379 0.58691 0.38672 0.58301 0.38184 0.58496 0.37695 0.57422 0.36719 0.56738 0.36621 0.56543 0.36816 0.52832 0.33105 0.52539 0.33301 0.52637 0.33496 0.53418 0.33594 0.54297 0.34277 0.53906 0.35059 0.53125 0.35156 0.52832 0.35449 0.52344 0.35352 0.50586 0.37012 0.49805 0.37500 0.49414 0.37207 0.48828 0.37305 0.48535 0.37891 0.47754 0.37793 0.47363 0.38184 0.46582 0.37891
1 0.06152 0.02148 0.06641 0.02344 0.06543 0.03418 0.07227 0.04590 0.06836 0.05566 0.06934 0.06250 0.09277 0.08594 0.09082 0.09473 0.09961 0.10645 0.11719 0.10840 0.12109 0.10449 0.13574 0.11523 0.15332 0.11230 0.16309 0.10254 0.16211 0.09473 0.16699 0.08789 0.18262 0.07812 0.18359 0.06738 0.19141 0.06543 0.19727 0.06055 0.20215 0.06152 0.20410 0.05957 0.19043 0.04688 0.18652 0.03613 0.19141 0.03125 0.19238 0.02246 0.19629 0.01758 0.19531 0.00879 0.18848 0.00488 0.18164 0.01270 0.17188 0.00781 0.16211 0.00781 0.15820 0.00391 0.15527 0.00684 0.15137 0.00586 0.14062 0.01562 0.13770 0.02148 0.12793 0.00879 0.12109 0.00684 0.11621 0.01074 0.10742 0.01074 0.10156 0.01660 0.09375 0.01465 0.08789 0.00781 0.08203 0.00684 0.07520 0.01172 0.07324 0.00977
1 0.33398 0.25000 0.33887 0.24121 0.33594 0.23535 0.33984 0.23242 0.36523 0.15723 0.37109 0.15234 0.37598 0.15723 0.39258 0.15332 0.39941 0.14746 0.40332 0.15039 0.41016 0.14648 0.41504 0.14648 0.42188 0.15137 0.42285 0.15820 0.43066 0.15527 0.44727 0.15820 0.45508 0.16406 0.45898 0.16406 0.45703 0.16992 0.46973 0.17578 0.47363 0.17969 0.47266 0.18164 0.47949 0.18555 0.48145 0.19141 0.48633 0.19238 0.49316 0.20117 0.49121 0.20703 0.49609 0.20996 0.49805 0.21484 0.49512 0.21777 0.49707 0.21973 0.48828 0.22461 0.48145 0.23730 0.47852 0.23926 0.47461 0.23730 0.46582 0.24609 0.46484 0.25293 0.45508 0.25391 0.45215 0.25195 0.44922 0.25391 0.43945 0.27148 0.43066 0.28125 0.42285 0.27734 0.41504 0.27832 0.41016 0.27637 0.40332 0.28320 0.39746 0.28516 0.38770 0.28418 0.38477 0.28711 0.37207 0.28125 0.36230 0.28223 0.34375 0.26562 0.33887 0.25391
1 0.17578 0.24414 0.18262 0.24512 0.18555 0.24219 0.18848 0.24414 0.19336 0.24121 0.19922 0.25000 0.20996 0.24902 0.21094 0.25195 0.21777 0.25586 0.22656 0.25586 0.23047 0.25293 0.23242 0.25586 0.24512 0.25488 0.25488 0.25977 0.27148 0.26270 0.28027 0.27441 0.28125 0.28125 0.28613 0.28027 0.28906 0.28320 0.28418 0.29004 0.28613 0.29395 0.28320 0.29785 0.28711 0.30078 0.28418 0.30371 0.28809 0.31055 0.28809 0.31445 0.28320 0.31934 0.28809 0.32422 0.28906 0.33008 0.27930 0.33984 0.27441 0.36230 0.26758 0.36914 0.26074 0.36914 0.25684 0.37305 0.26172 0.37891 0.26074 0.38184 0.26172 0.37891 0.25977 0.37695 0.25000 0.38770 0.23926 0.39062 0.23145 0.38672 0.22754 0.38965 0.21973 0.38770 0.21387 0.39258 0.20410 0.39062 0.19141 0.39746 0.17871 0.38477 0.17285 0.38574 0.16992 0.38184 0.17188 0.37891 0.16699 0.37305 0.16113 0.35449 0.15918 0.33398 0.17090 0.33301 0.16797 0.32812 0.17090 0.31738 0.16309 0.31543 0.15918 0.31152 0.15625 0.30273
1 0.26074 0.45312 0.27051 0.44824 0.29004 0.44824 0.30273 0.43750 0.30371 0.43262 0.31445 0.42285 0.32422 0.41992 0.33008 0.42480 0.33691 0.42188 0.33984 0.42383 0.35352 0.42285 0.35840 0.42480 0.36230 0.43164 0.36816 0.42773 0.37305 0.42773 0.37695 0.43164 0.37988 0.42969 0.39258 0.44336 0.39844 0.44336 0.40137 0.44629 0.40723 0.44727 0.41309 0.45215 0.41406 0.46387 0.41016 0.46875 0.41309 0.47168 0.40723 0.48047 0.41016 0.48828 0.40723 0.50293 0.40234 0.50781 0.40625 0.51465 0.40625 0.52246 0.40137 0.52832 0.40137 0.53516 0.39258 0.53809 0.38867 0.54785 0.39062 0.55078 0.39453 0.54980 0.39062 0.55078 0.38770 0.54883 0.37988 0.55469 0.37305 0.55566 0.36328 0.56641 0.35254 0.56836 0.34863 0.57227 0.34375 0.57129 0.32812 0.59277 0.32715 0.58789 0.32129 0.58398 0.31055 0.59961 0.30176 0.59473 0.29492 0.59570 0.29199 0.59863 0.28613 0.59570 0.27246 0.59570 0.26172 0.60156 0.25293 0.60156 0.24609 0.59863 0.23926 0.58984 0.24512 0.58789 0.24805 0.58301 0.25391 0.58398 0.26252 0.46888 0.26074 0.46387 0.25684 0.46191 0.26270 0.45508
1 0.07520 0.46973 0.07910 0.47461 0.08008 0.47070 0.08398 0.46777 0.09082 0.47559 0.09082 0.47852 0.10156 0.48047 0.10742 0.48633 0.10547 0.49023 0.11133 0.49219 0.12402 0.50684 0.13086 0.50977 0.13770 0.50977 0.14062 0.51270 0.14551 0.50977 0.16504 0.51270 0.16992 0.52051 0.17383 0.52051 0.18262 0.53027 0.18359 0.54102 0.18066 0.54883 0.18848 0.55273 0.19043 0.55176 0.20312 0.56543 0.20703 0.56250 0.21582 0.56543 0.22363 0.57324 0.22070 0.57910 0.22754 0.57910 0.23535 0.58789 0.23145 0.59766 0.22754 0.60156 0.23242 0.60449 0.23730 0.61523 0.23438 0.63867 0.22559 0.64746 0.22266 0.64453 0.22656 0.64941 0.22461 0.65527 0.21777 0.66211 0.20898 0.66406 0.19824 0.67773 0.18848 0.67773 0.17969 0.68945 0.17480 0.68848 0.17480 0.70312 0.17773 0.70410 0.18066 0.70117 0.17578 0.70410 0.17578 0.69727 0.17383 0.69531 0.17773 0.68457 0.16992 0.68359 0.16504 0.68555 0.16309 0.68359 0.16504 0.68066 0.16406 0.66504 0.16211 0.66309 0.15820 0.66699 0.15625 0.66406 0.15039 0.66309 0.14746 0.65820 0.14746 0.65039 0.14355 0.64551 0.13086 0.64844 0.12695 0.64160 0.11621 0.64160 0.10840 0.63477 0.10645 0.63867 0.09668 0.64062 0.08691 0.63965 0.07812 0.63184 0.07617 0.62598 0.06934 0.62695 0.06445 0.62500 0.04883 0.61035 0.04688 0.60059 0.04980 0.59375 0.04395 0.58887 0.04297 0.57227 0.04688 0.56445 0.04199 0.55957 0.04004 0.55371 0.04102 0.54297 0.04590 0.53809 0.04395 0.53125 0.04492 0.52441 0.03809 0.52344 0.03418 0.52734
1 0.27051 0.61621 0.26367 0.62598 0.26270 0.63574 0.26953 0.64453 0.27344 0.64355 0.26074 0.65527 0.25977 0.66602 0.25098 0.67480 0.25000 0.67871 0.25977 0.71680 0.26465 0.72168 0.26660 0.72949 0.27246 0.73633 0.26855 0.74023 0.27246 0.73633 0.28516 0.73926 0.28711 0.74121 0.28516 0.74512 0.28711 0.75977 0.29688 0.76855 0.30762 0.76855 0.31934 0.77930 0.31934 0.78320 0.31348 0.78906 0.31250 0.79297 0.30957 0.79395 0.30957 0.80078 0.31445 0.80957 0.32227 0.81543 0.32227 0.82129 0.32715 0.82617 0.32715 0.83105 0.33398 0.84082 0.34180 0.84277 0.35059 0.84863 0.36230 0.84766 0.36523 0.85059 0.38770 0.84570 0.39355 0.83887 0.40430 0.83496 0.40918 0.83008 0.41113 0.82324 0.41895 0.82129 0.42383 0.81641 0.42871 0.80664 0.42969 0.79688 0.43262 0.79395 0.43457 0.78516 0.42871 0.77246 0.43262 0.76758 0.43262 0.75781 0.42773 0.75195 0.42285 0.75098 0.41211 0.73535 0.41406 0.73340 0.41113 0.72559 0.41309 0.72266 0.41504 0.70215 0.41113 0.69336 0.40430 0.69434 0.40137 0.69238 0.40430 0.69434 0.41016 0.69336 0.41504 0.68652 0.40820 0.66602 0.39844 0.65527 0.37988 0.64551 0.37305 0.63379 0.36426 0.63574 0.36133 0.63867 0.35645 0.63379 0.35352 0.63574 0.34766 0.63477 0.34473 0.63086 0.34473 0.62207 0.34082 0.61719 0.33594 0.61914 0.33203 0.61426 0.32812 0.61816
1 0.58203 0.91504 0.58691 0.89258 0.58105 0.88867 0.58008 0.87695 0.58691 0.86719 0.58105 0.85840 0.62402 0.81250 0.63574 0.81836 0.64062 0.82422 0.64941 0.81641 0.65625 0.81836 0.65820 0.81641 0.67090 0.82324 0.67578 0.82812 0.67578 0.83301 0.68262 0.83301 0.69336 0.84375 0.69238 0.85059 0.69922 0.86230 0.69629 0.87012 0.69922 0.87891 0.69629 0.87109 0.69824 0.86328 0.70410 0.86035 0.70215 0.85840 0.70801 0.85059 0.72559 0.84082 0.73438 0.82715 0.73242 0.82129 0.74121 0.81445 0.74707 0.81934 0.75000 0.81641 0.75781 0.82422 0.76270 0.82617 0.76367 0.83105 0.76660 0.83301 0.77441 0.82617 0.78711 0.83691 0.79004 0.83105 0.79199 0.83301 0.79980 0.83301 0.81055 0.82129 0.81348 0.82324 0.81738 0.82031 0.82129 0.82324 0.82324 0.82129 0.83008 0.82910 0.83008 0.83984 0.83203 0.83984 0.83301 0.85254 0.83789 0.86035 0.83789 0.86621 0.81641 0.89551 0.81543 0.90918 0.81836 0.91211 0.81836 0.91699 0.80957 0.91797 0.79492 0.93164 0.77930 0.93555 0.77637 0.93848 0.75684 0.93750 0.74902 0.92871 0.74316 0.92871 0.73926 0.93164 0.73535 0.92969 0.73242 0.93945 0.72754 0.94629 0.72852 0.95117 0.72363 0.96191 0.70312 0.97559 0.70508 0.97852 0.68945 0.99707 0.67676 0.99805 0.67090 0.99121 0.66992 0.98633 0.66309 0.99121 0.65820 0.99023 0.65137 0.98340 0.64844 0.97656 0.64844 0.96582 0.63965 0.96387 0.63086 0.95703 0.62695 0.94922 0.62793 0.94238 0.62598 0.94043 0.62109 0.94336 0.61328 0.94336 0.60156 0.93848 0.60059 0.92969 0.59375 0.92773 0.58691 0.92090 0.58789 0.91895
1 0.38672 0.58691 0.41113 0.54785 0.41699 0.54980 0.41895 0.55273 0.43066 0.54590 0.43262 0.54785 0.43848 0.54102 0.44434 0.54004 0.45117 0.54590 0.45410 0.54492 0.46777 0.55664 0.47266 0.55664 0.47949 0.55078 0.49316 0.54980 0.49512 0.54590 0.50195 0.54980 0.51367 0.54590 0.51562 0.54883 0.51953 0.54785 0.52734 0.55078 0.52734 0.55762 0.54102 0.56055 0.55273 0.57031 0.56152 0.57129 0.56641 0.57422 0.57031 0.57129 0.57227 0.57324 0.57715 0.57129 0.58008 0.57422 0.58984 0.57715 0.58984 0.58398 0.60352 0.59082 0.60938 0.59082 0.61914 0.60156 0.61719 0.60547 0.62402 0.61133 0.61621 0.62012 0.60840 0.62207 0.60254 0.63086 0.58496 0.64551 0.58398 0.65137 0.58105 0.65430 0.57617 0.65430 0.56738 0.66211 0.55469 0.65723 0.54688 0.66504 0.53711 0.66895 0.52441 0.66895 0.52246 0.66699 0.51855 0.66895 0.51758 0.66504 0.50781 0.66895 0.50684 0.66699 0.49707 0.66699 0.48633 0.65625 0.48145 0.65723 0.47461 0.65137 0.46875 0.65137 0.44922 0.64062 0.43555 0.64941 0.42969 0.65039 0.42676 0.65430 0.42285 0.65234 0.41699 0.65820 0.40918 0.65820 0.40723 0.66016 0.40137 0.65430 0.40234 0.65039 0.39648 0.64355 0.40332 0.63672 0.40039 0.63379 0.40039 0.62598 0.39746 0.62402 0.39551 0.61621 0.39648 0.60840 0.40234 0.60449 0.40332 0.59180 0.39844 0.58887 0.39160 0.59570 0.38770 0.59570
1 0.61426 0.66309 0.59766 0.66504 0.59570 0.66699 0.58691 0.66016 0.58496 0.66211 0.57617 0.66211 0.55859 0.66895 0.51562 0.69531 0.51367 0.69824 0.52051 0.70898 0.52637 0.71094 0.52246 0.71680 0.52441 0.71875 0.52148 0.72070 0.52441 0.72461 0.51270 0.73535 0.50879 0.75391 0.49902 0.76172 0.50000 0.76660 0.49609 0.76953 0.49609 0.77539 0.49707 0.76855 0.49512 0.76660 0.47559 0.76953 0.47168 0.77344 0.46582 0.78906 0.45605 0.80078 0.45703 0.81348 0.45996 0.81641 0.46387 0.81543 0.47266 0.82715 0.45801 0.84375 0.45898 0.85059 0.46484 0.85742 0.48047 0.86230 0.50000 0.87402 0.50977 0.87402 0.51855 0.86426 0.52246 0.86719 0.53223 0.86719 0.53711 0.86426 0.54883 0.86328 0.55762 0.85352 0.56543 0.85449 0.57129 0.85254 0.57812 0.84375 0.58203 0.84473 0.58301 0.84961 0.58887 0.85547 0.59766 0.85059 0.59668 0.84375 0.59961 0.83984 0.59766 0.83496 0.60449 0.83496 0.62695 0.81543 0.62598 0.81152 0.63770 0.79297 0.63281 0.78613 0.63867 0.78027 0.64453 0.76855 0.64844 0.75195 0.64160 0.74609 0.63867 0.74023 0.63965 0.73438 0.63184 0.72363 0.63965 0.71387 0.63965 0.70117 0.64160 0.69922 0.62793 0.68750 0.62402 0.67871 0.62500 0.67480 0.62207 0.67480 0.61816 0.67090 0.62109 0.66895
1 0.70117 0.66602 0.69727 0.67676 0.69043 0.67871 0.68359 0.68555 0.68359 0.69141 0.67871 0.69922 0.67871 0.70410 0.67090 0.72363 0.67188 0.72949 0.67773 0.72754 0.68750 0.73047 0.69043 0.72852 0.69531 0.73340 0.69141 0.73730 0.69629 0.74414 0.69629 0.75098 0.70020 0.75977 0.71191 0.76660 0.70996 0.76953 0.71094 0.77441 0.71680 0.78027 0.72656 0.78320 0.73145 0.78711 0.74023 0.77832 0.75684 0.78516 0.76074 0.78320 0.76660 0.78418 0.77344 0.78125 0.78223 0.77051 0.78613 0.76855 0.78906 0.77051 0.79688 0.76074 0.79688 0.74707 0.80371 0.74121 0.80469 0.72949 0.80859 0.72949 0.80566 0.72949 0.79883 0.72070 0.80078 0.70996 0.79395 0.69922 0.80078 0.69238 0.80371 0.69434 0.79980 0.69141 0.80078 0.68164 0.79199 0.67090 0.78613 0.66895 0.78125 0.67090 0.77832 0.66797 0.77539 0.66992 0.77246 0.66406 0.76953 0.66504 0.76660 0.66309 0.75977 0.66602 0.75391 0.66406 0.70218 0.66748 0.70312 0.66602
1 0.76855 0.46094 0.75977 0.47363 0.75391 0.46973 0.74512 0.47559 0.74707 0.47852 0.74414 0.48145 0.74512 0.49316 0.74316 0.49512 0.73633 0.49414 0.72656 0.50391 0.74316 0.51953 0.74609 0.53418 0.75000 0.53516 0.76562 0.55371 0.76270 0.55664 0.76855 0.55273 0.77441 0.55762 0.77930 0.55664 0.78613 0.56348 0.78906 0.56445 0.79102 0.56250 0.79492 0.56738 0.79785 0.56445 0.80371 0.56543 0.82031 0.58203 0.82324 0.57910 0.82812 0.57910 0.83301 0.57422 0.83594 0.56543 0.84277 0.56055 0.84375 0.55176 0.84082 0.54492 0.84473 0.54102 0.83887 0.53223 0.83496 0.53320 0.83398 0.52637 0.82812 0.51953 0.82812 0.51367 0.81543 0.50781 0.81738 0.50195 0.80957 0.49512 0.80957 0.48926 0.81250 0.48535 0.77832 0.45996
1 0.75977 0.28711 0.76074 0.29102 0.75488 0.29395 0.75000 0.30176 0.74414 0.30078 0.73926 0.30273 0.73145 0.31055 0.72949 0.31934 0.72461 0.32617 0.72754 0.33496 0.72363 0.34082 0.72559 0.34375 0.72461 0.35156 0.72949 0.35645 0.72852 0.36230 0.73242 0.36523 0.72656 0.37207 0.73730 0.38379 0.73633 0.39062 0.73828 0.39648 0.74805 0.40527 0.74707 0.40820 0.75488 0.41602 0.76074 0.41797 0.76758 0.41602 0.77637 0.42090 0.78320 0.41797 0.79590 0.41992 0.80176 0.41309 0.80469 0.41309 0.81250 0.40527 0.81543 0.40527 0.81836 0.40234 0.81738 0.39844 0.82129 0.39453 0.82422 0.39453 0.83594 0.38086 0.83789 0.36914 0.84473 0.36328 0.84375 0.35156 0.83789 0.34375 0.84375 0.33496 0.84375 0.32812 0.83691 0.31836 0.82715 0.31445 0.82812 0.31055 0.82617 0.30859 0.81836 0.30957 0.80566 0.30566 0.80371 0.30078 0.80664 0.29883
1 0.57520 0.19336 0.58789 0.18750 0.59277 0.19141 0.59961 0.18750 0.60352 0.19238 0.61133 0.19043 0.62402 0.19434 0.63867 0.20898 0.64062 0.20703 0.64160 0.20996 0.63574 0.21484 0.64746 0.22559 0.65039 0.23926 0.64355 0.24902 0.65332 0.25000 0.65723 0.25391 0.65723 0.25781 0.65234 0.25879 0.65625 0.25879 0.66016 0.25488 0.66406 0.26172 0.67871 0.27148 0.68359 0.28125 0.68359 0.29590 0.68750 0.29980 0.68945 0.31934 0.68457 0.32617 0.68652 0.33203 0.67969 0.34277 0.67871 0.35059 0.68164 0.35156 0.67969 0.35352 0.68066 0.35742 0.67773 0.35840 0.67480 0.35449 0.67285 0.35645 0.66602 0.35547 0.65820 0.36426 0.65820 0.37012 0.64746 0.37891 0.64062 0.38086 0.63672 0.37500 0.63184 0.37598 0.62402 0.38477 0.62207 0.38281 0.61133 0.38184 0.60645 0.38672 0.60352 0.38379 0.58691 0.38672 0.58301 0.38184 0.58496 0.37695 0.57617 0.36426 0.57422 0.36523 0.56543 0.35938 0.56250 0.36426 0.55957 0.36328 0.56348 0.36328 0.56152 0.35840 0.56348 0.35742 0.55762 0.34961 0.56348 0.34180 0.56152 0.33203 0.56445 0.32324 0.55664 0.31836 0.55957 0.31348 0.55762 0.31152 0.55859 0.30273 0.56934 0.28906 0.57129 0.29102 0.57910 0.29102 0.58203 0.28809 0.57812 0.28223 0.58008 0.28027 0.57812 0.27539 0.58594 0.26367 0.58008 0.25977 0.58301 0.25293 0.57617 0.24805 0.57812 0.24414 0.58496 0.24121 0.55566 0.20898
