1 0.39453 0.66114 0.39453 0.66993 0.38671 0.68555 0.38868 0.69922 0.39355 0.70507 0.38770 0.71485 0.38770 0.72949 0.38476 0.72949 0.38770 0.73243 0.38770 0.73828 0.39160 0.74707 0.40137 0.75293 0.39941 0.76172 0.41015 0.77539 0.41797 0.77636 0.42285 0.77344 0.42773 0.78320 0.43457 0.79004 0.44043 0.79004 0.45312 0.80664 0.45410 0.80469 0.45898 0.80664 0.46191 0.80371 0.46777 0.80664 0.47851 0.80566 0.48340 0.79785 0.49511 0.78711 0.49805 0.77539 0.50000 0.78222 0.50489 0.77636 0.51074 0.77930 0.53515 0.77832 0.53809 0.78125 0.51660 0.75976 0.51270 0.76172 0.50586 0.75879 0.50586 0.75293 0.50195 0.74805 0.50781 0.73535 0.50684 0.71972 0.50293 0.71485 0.50586 0.70507 0.50195 0.70020 0.50586 0.69824 0.50390 0.68360 0.50098 0.67969 0.50390 0.67774 0.49805 0.66309 0.48535 0.65235 0.48535 0.64062 0.47851 0.63281 0.46680 0.62989 0.46485 0.63184 0.46972 0.63867 0.42285 0.63867 0.42285 0.64257 0.41407 0.65039 0.40430 0.64941
1 0.48340 0.23340 0.50000 0.24902 0.49610 0.25879 0.49610 0.26855 0.50489 0.28223 0.50489 0.28809 0.51368 0.29199 0.51171 0.30566 0.51368 0.31445 0.51758 0.32031 0.51563 0.32226 0.51563 0.32910 0.51758 0.33496 0.52539 0.34278 0.53125 0.34472 0.54199 0.34278 0.54980 0.34667 0.55762 0.34180 0.56054 0.34472 0.56348 0.35645 0.56933 0.36230 0.58301 0.35938 0.58790 0.35449 0.58887 0.34278 0.59180 0.33985 0.59863 0.33985 0.60840 0.33008 0.61132 0.31934 0.61621 0.31348 0.61719 0.29980 0.61524 0.29199 0.61132 0.28711 0.61426 0.28223 0.61524 0.27149 0.61035 0.25489 0.61230 0.24902 0.60645 0.23535 0.62500 0.21680 0.60645 0.23535 0.59472 0.22559 0.59570 0.21875 0.59375 0.21386 0.58398 0.20508 0.57227 0.20605 0.56641 0.20020 0.55469 0.19531 0.54980 0.19726 0.53907 0.21094 0.53613 0.20801 0.53125 0.20899 0.51855 0.19629
1 0.30176 0.11133 0.32617 0.13672 0.31641 0.14941 0.31641 0.15820 0.31152 0.16406 0.30859 0.17285 0.31054 0.18652 0.31543 0.19140 0.30957 0.20215 0.30957 0.22559 0.31152 0.23145 0.31738 0.23828 0.32617 0.23535 0.33008 0.24805 0.33691 0.25489 0.34863 0.25879 0.35450 0.25684 0.35937 0.25976 0.37011 0.25489 0.37305 0.25781 0.37598 0.26953 0.38281 0.27636 0.39258 0.27344 0.40332 0.28515 0.41113 0.28614 0.40625 0.29688 0.38379 0.32324 0.37695 0.32617 0.36914 0.31836 0.37695 0.32617 0.38965 0.31836 0.41113 0.28906 0.41113 0.28515 0.41407 0.28223 0.41210 0.28027 0.41797 0.27246 0.41992 0.25976 0.42578 0.25000 0.42383 0.23340 0.42773 0.22949 0.42969 0.22265 0.42871 0.20703 0.42480 0.20215 0.42773 0.18750 0.42188 0.18360 0.42676 0.17969 0.42578 0.16504 0.42090 0.15136 0.40820 0.13965 0.40820 0.12989 0.40039 0.12011 0.40430 0.11328 0.42090 0.09668 0.39844 0.11816 0.38574 0.11914 0.37110 0.10938 0.36426 0.10938 0.35547 0.11719 0.34472 0.11133 0.33593 0.10254
1 0.14258 0.29590 0.16797 0.32129 0.16797 0.32617 0.16015 0.34083 0.16113 0.35156 0.16797 0.36035 0.16210 0.36719 0.16015 0.37695 0.16309 0.40039 0.15137 0.41699 0.14941 0.42578 0.14941 0.44042 0.15234 0.44434 0.15234 0.45215 0.16699 0.46875 0.17480 0.46485 0.19043 0.48047 0.19336 0.48926 0.20215 0.48926 0.21582 0.49511 0.22754 0.49511 0.23632 0.49024 0.25293 0.47167 0.26171 0.45508 0.26855 0.44726 0.28418 0.46386 0.26855 0.44726 0.26758 0.44336 0.26953 0.44140 0.27149 0.42774 0.27637 0.42188 0.27539 0.40136 0.27930 0.39746 0.28125 0.39062 0.28028 0.37500 0.27637 0.37011 0.27930 0.35938 0.27832 0.34472 0.29883 0.32715 0.29297 0.32812 0.28418 0.33496 0.27539 0.32812 0.27149 0.31836 0.25976 0.30761 0.25879 0.29590 0.25000 0.28711 0.24414 0.28515 0.24805 0.28125 0.24805 0.27344 0.25879 0.26270 0.25781 0.26855 0.24805 0.27832 0.24805 0.28125 0.23730 0.28809 0.22266 0.27735 0.21485 0.27832 0.20606 0.28711 0.20801 0.28906 0.20508 0.29199 0.20215 0.30274 0.19141 0.29785 0.18946 0.28711 0.17383 0.27149
1 0.00781 0.46386 0.02344 0.47949 0.01855 0.49024 0.01953 0.49610 0.01171 0.50976 0.01171 0.52051 0.01953 0.53222 0.01953 0.53809 0.02930 0.54395 0.02734 0.55958 0.03320 0.57129 0.03125 0.57324 0.03223 0.58496 0.04004 0.59375 0.04688 0.59667 0.05273 0.60938 0.05957 0.61621 0.06348 0.61328 0.07812 0.63086 0.07227 0.63965 0.08691 0.62792 0.09180 0.63184 0.10156 0.63184 0.11816 0.61524 0.12011 0.61914 0.12500 0.61816 0.12011 0.61914 0.11816 0.61524 0.12305 0.60254 0.12207 0.59570 0.12598 0.59083 0.12695 0.57129 0.13184 0.56347 0.13184 0.54785 0.12695 0.54004 0.12989 0.53320 0.12989 0.51562 0.12598 0.49414 0.11035 0.47851 0.11132 0.47070 0.10937 0.46485 0.09180 0.45117 0.09180 0.44824 0.08593 0.45508 0.07324 0.44726 0.06641 0.44824 0.05859 0.45605 0.06054 0.45801 0.05567 0.46289 0.05567 0.46778 0.05273 0.47265 0.04492 0.46972 0.03809 0.47559 0.03028 0.47461 0.02344 0.48047
1 0.20898 0.56934 0.20606 0.57520 0.20606 0.58301 0.20117 0.58985 0.19824 0.59961 0.20020 0.61133 0.20606 0.61719 0.20020 0.62403 0.19922 0.64453 0.20215 0.65820 0.21290 0.66601 0.21093 0.67382 0.21680 0.68457 0.21191 0.69043 0.21777 0.68360 0.22266 0.68847 0.22754 0.68847 0.23242 0.69726 0.24219 0.70605 0.25390 0.70801 0.27050 0.71972 0.27637 0.71191 0.27441 0.71485 0.27832 0.71875 0.28515 0.71972 0.29102 0.71778 0.29492 0.71094 0.30371 0.70410 0.30762 0.69824 0.30859 0.69043 0.31836 0.67969 0.32520 0.68457 0.31836 0.67871 0.31836 0.66797 0.31446 0.66114 0.31446 0.65722 0.31933 0.64941 0.31933 0.63574 0.31446 0.62695 0.31738 0.61719 0.31738 0.60351 0.31348 0.59375 0.31738 0.58789 0.31446 0.58886 0.31054 0.57617 0.29785 0.56445 0.29688 0.55274 0.29199 0.54785 0.21777 0.55664 0.21875 0.55958
1 0.61426 0.70801 0.62110 0.71582 0.61719 0.73243 0.60937 0.73047 0.60059 0.73632 0.59180 0.73632 0.58593 0.74219 0.58106 0.75097 0.58203 0.75684 0.57422 0.77051 0.57422 0.78125 0.57617 0.78711 0.58106 0.79199 0.57910 0.79493 0.58496 0.80469 0.59180 0.80469 0.58985 0.81836 0.59180 0.82715 0.59766 0.83399 0.59570 0.83594 0.59668 0.84864 0.60840 0.85743 0.61621 0.85743 0.61914 0.85449 0.62500 0.86035 0.62500 0.86426 0.62207 0.86621 0.62598 0.86621 0.62598 0.87011 0.63671 0.88476 0.64746 0.88379 0.65430 0.89257 0.66602 0.89257 0.66992 0.88868 0.66992 0.88476 0.68262 0.87305 0.68262 0.86621 0.68457 0.86621 0.68554 0.85840 0.69043 0.85156 0.68946 0.83203 0.69433 0.82520 0.69531 0.81347 0.69336 0.80469 0.68946 0.80078 0.68750 0.80274 0.69238 0.79493 0.69238 0.77636 0.69043 0.77051 0.68457 0.76465 0.68164 0.76660 0.67285 0.75879 0.67676 0.75489 0.67285 0.74511 0.67480 0.74121 0.67285 0.73926 0.67383 0.73145 0.67285 0.72754 0.66113 0.71582 0.66210 0.71289
1 0.73047 0.58496 0.72266 0.60254 0.72363 0.61328 0.73047 0.62110 0.72559 0.62597 0.72363 0.63184 0.72363 0.64941 0.73145 0.66015 0.73340 0.65820 0.74121 0.66309 0.74414 0.67676 0.75293 0.68555 0.76563 0.68750 0.76855 0.68457 0.77246 0.68847 0.77734 0.68847 0.78125 0.68457 0.78515 0.68457 0.79102 0.70020 0.79590 0.70507 0.81250 0.70118 0.81446 0.70605 0.81738 0.70703 0.81641 0.70996 0.81933 0.71386 0.82324 0.71289 0.83008 0.70507 0.83301 0.69824 0.83203 0.68945 0.83790 0.67969 0.83887 0.66504 0.83398 0.65235 0.82910 0.64746 0.82715 0.64941 0.82910 0.64746 0.83398 0.65235 0.83790 0.66211 0.84277 0.65625 0.84375 0.64062 0.84277 0.63476 0.83887 0.63086 0.84180 0.61914 0.84180 0.60840 0.83593 0.58203 0.83008 0.57617 0.82910 0.57812 0.82227 0.56934 0.82227 0.55958 0.82031 0.55566 0.81054 0.54688 0.79980 0.54883 0.79297 0.54199 0.78710 0.54004
1 0.58887 0.45410 0.58203 0.46094 0.57812 0.47656 0.57031 0.47364 0.56250 0.47949 0.55273 0.47949 0.54394 0.49024 0.54297 0.49805 0.54492 0.50000 0.54004 0.50390 0.53515 0.51758 0.53710 0.52833 0.54199 0.53417 0.53613 0.54590 0.53613 0.55958 0.53907 0.56542 0.54394 0.56250 0.53710 0.56739 0.53710 0.57031 0.54492 0.58105 0.54883 0.58105 0.55567 0.59083 0.57031 0.60059 0.58106 0.59864 0.58398 0.60156 0.58985 0.60156 0.59863 0.59765 0.60059 0.60645 0.60742 0.61719 0.60547 0.62500 0.61426 0.63476 0.62695 0.63574 0.63086 0.63281 0.63184 0.62792 0.64453 0.61621 0.64550 0.60742 0.65625 0.59570 0.66015 0.59667 0.65528 0.59472 0.65528 0.58399 0.65137 0.57812 0.65625 0.56739 0.65528 0.54785 0.65137 0.54395 0.65430 0.53614 0.65234 0.50684 0.64941 0.49708 0.64453 0.49024
1 0.41309 0.35547 0.40625 0.36426 0.40137 0.36524 0.39355 0.37305 0.38965 0.38867 0.38086 0.38672 0.37500 0.39160 0.36524 0.39160 0.35351 0.40528 0.35059 0.40235 0.34766 0.40430 0.34375 0.40235 0.34961 0.40333 0.35547 0.41211 0.34766 0.42676 0.34766 0.43653 0.35450 0.44726 0.35059 0.45117 0.34766 0.45996 0.34863 0.47949 0.34375 0.48242 0.34766 0.48535 0.34961 0.48340 0.35156 0.48926 0.36230 0.49610 0.36524 0.50489 0.37011 0.50976 0.38379 0.51660 0.39453 0.53222 0.39746 0.53320 0.39746 0.52833 0.40039 0.52735 0.40625 0.53417 0.41699 0.53711 0.41894 0.53028 0.43554 0.52735 0.44336 0.51758 0.45020 0.51465 0.45215 0.51660 0.45996 0.51074 0.46290 0.50292 0.46290 0.48730 0.46777 0.48145 0.46875 0.46875 0.46680 0.45996 0.46290 0.45605 0.46582 0.45020 0.46582 0.43164 0.46290 0.42383 0.46387 0.41699 0.46093 0.40820 0.45312 0.39941 0.45801 0.39453
1 0.94141 0.34961 0.88281 0.39746 0.88574 0.40039 0.87989 0.40820 0.87890 0.41895 0.87110 0.43458 0.87305 0.44726 0.87890 0.45312 0.87402 0.45801 0.87207 0.46386 0.87207 0.48633 0.87402 0.49219 0.87011 0.49610 0.86524 0.49511 0.87011 0.49610 0.87402 0.49219 0.87989 0.49903 0.88476 0.50000 0.88476 0.51270 0.89453 0.52344 0.90137 0.52441 0.90723 0.53515 0.91602 0.54297 0.92480 0.54492 0.92871 0.54199 0.94141 0.55469 0.93750 0.56055 0.94531 0.55176 0.95606 0.55469 0.96387 0.55371 0.96777 0.54980 0.96777 0.54590 0.97851 0.53711 0.98145 0.53222 0.98242 0.52246 0.98535 0.52344 0.99024 0.51855 0.99121 0.51172 0.99414 0.50976 0.98730 0.49805 0.98730 0.49316 0.99219 0.48438 0.99121 0.46778 0.98730 0.46289 0.99024 0.45312 0.99024 0.43945 0.98730 0.42969 0.99024 0.42871 0.98340 0.41211 0.97070 0.40039 0.97168 0.39551 0.96875 0.38672 0.95898 0.37890 0.94824 0.37989 0.93164 0.36816 0.93554 0.36328 0.93554 0.35547
1 0.71875 0.28614 0.72851 0.29785 0.72754 0.30664 0.72559 0.30860 0.71777 0.30566 0.71093 0.31152 0.70117 0.31152 0.69238 0.32226 0.69141 0.33203 0.68457 0.34472 0.68457 0.35645 0.69141 0.36035 0.68946 0.36426 0.69141 0.36621 0.68457 0.37792 0.68554 0.40235 0.69336 0.41309 0.69922 0.41504 0.69629 0.42188 0.70117 0.43066 0.70703 0.43653 0.71290 0.43750 0.71875 0.44726 0.72656 0.45410 0.72070 0.46094 0.72656 0.45410 0.73437 0.45801 0.73926 0.45312 0.74219 0.45508 0.74610 0.45312 0.75781 0.45899 0.75879 0.46289 0.76368 0.46680 0.77539 0.46778 0.78028 0.46289 0.78028 0.45996 0.79102 0.45117 0.79199 0.45410 0.78907 0.45801 0.79199 0.46094 0.78907 0.45801 0.79199 0.45410 0.79102 0.45020 0.79394 0.44531 0.79394 0.43653 0.80078 0.42578 0.79980 0.40722 0.80371 0.40333 0.80567 0.39258 0.80371 0.37989 0.79980 0.37597 0.80273 0.36816 0.80273 0.35156 0.79980 0.33496 0.80371 0.33203 0.80078 0.33301 0.79688 0.32617 0.78418 0.31445 0.78223 0.30078 0.77539 0.29395 0.76660 0.29101 0.76270 0.28711 0.76368 0.28418
